$ANSIBLE_VAULT;1.1;AES256
62316638393638643665383263656663366366326435636137663466343436303637396135393935
3737613636386332373133356636613634613936643530640a666664343062653834636335623563
34376334333935343634393335653164353763396138336265663839653731626463656130376462
3334656230373630650a666633383136636462323938336366623165353565323662616137653263
33386463633763346135343136383164303339643035373839373062383365356230336363613933
64363764313435333438656639376132343930666532656439656332363536303963663063666630
39656634336662353030613230613462396231363066613438663633663239333238316337663663
34323466383430356130373964646563323763653437633164653864353433323164396561396366
33666533316361396466623435643132336462383166316462333362346566326432663337323839
39636161623635653733313732306639316230393865363039363066356561303466343963396465
32633631383337376431353838643431616331626634333133623063626230633639653035656465
37623933646262316536383366633364633935653961366237336430383535353231313137343664
38313264633266616365613761303338396537633161626630326635613734653135383633616364
38366465393134313530346565333532383763363234313864633531633836343463306333623535
38333434373166343739373037366162653138626164373838643532356466643836313934323063
64383631383234366338343537653133353133313763323434326434623132386631396663306266
61393236643565393731393237346639386165643134643834356434356234336336626662346638
62336565343963646536353538653965636336393061393336656634323839353130313639656661
62313865373266623034363865373361663532653832366130633239393532326230373139303365
36303638303063353330616238666131383333613330613465386536393262396235643232633230
39643937326531336233313461323532373535323466323838643765653839613038386633366164
35643363653336363866356564313439343736656539653363656361393533363639393565633235
33666634326461393363653031356239656636633365363231393636313330666333343734303836
31386638623538326630396362383234346666303762626361643936643039616634313539646436
65393537313465633565393264326535626434366337666535313931323865373634343031623264
65386464333631396638663664306132323038313666333964633731393464623633343862393763
30643864333331313230316632323636663165313239656637326562363165643338373233616538
63626134626537356364326163313632613635373061363231326332366566313730623933303330
30303836663630663635313861343935636261363065303137306333373037616363386364343733
61396236393537396438373236346436313333626265353533323339613663626364643361663730
39366634373538646637313531386430656535313638313835396136653963663135656435386638
63663236653938636331633535646565383134386464643335383866336235323735666233356361
31653263353333663762363066313734656362386132613963316433303230303837396436353463
39386437366535333366613431373039366636653463333831386663316237316431653865343262
62653963643264316663633863353963326335363737633763346537376433613435663338383864
32383131373932343861306231356538373734333666646133376335313931663130303034373032
38646264386563656666363133363761376362623630613638613437326633393930646238633536
61326233356635663461363634616365636530363163343566313261393338363761353833316239
36363535633337303930323934653531306636376161333835363830336138613166316434666232
64386163623730383064626531383636616161636436643639613034363338643863663233343437
39313264613039616664636236653766376337656536643865323465366361396536376263316430
39343235653339346262633431316461333236656234393763326662323436313264626239313235
31336336323333623663383663616463306162633034623962393239663530323238373535343262
66666537313563383466653064313634653365643966643463666564313430386566636461336265
64663133613034396563616536306236646666383231636163626335633336613831313965626239
61616437316266383466633338366164326637656533393536383963313033353733613436386266
30656439616665626438636434386464616363343965616537343363313434653065643933336462
66303035643538353963316233356539333738383263643161383139333963396266333238616266
66356331623138663465393239646431376131356439346533336663653135343761336239333736
36393265663831626133623032366638303465623665643932333963613437633531613838373438
37653532376666343531333830663333633239366238626666326534343566653133646537626461
61656565353663343662643733373238393830663662356238623162303763376236346163666632
66666138356236363035633337653535646639616232363936623132306666363565626339336535
34616234393564386466346566313262393532636437653066356638643936393166313033333033
39646330653430656463623036343134663435303661386539356364646130373532613335646465
31353764323235643237656639363764303364323832633035376332303066353161306534386534
61376565623833643161326664623731613266326338366334383638363433643338316635343765
36643937393338653833356331353838376138343137336339656138623863333730323030353761
34363937316639326537393863633333356239303637393137363865353937643963323338376164
38643339343661383735323764343637373338353731613465383462383034643633626130373131
32383439313262333063333836653137303862383037343432386538623234653833626262323239
30613561333632613661346165353231306634363639303661393631376530636637323963386634
31346331333137646565313534393330383237363061383631323934323932363631383631303464
37353066336239366437376133313835653236656563626135623732646238646332303662363834
65636264626561653563306532396637393139366163303033353461653733336133353939393838
37313836666665376538363565613966653231396439326139326438646138306363643064613963
34656637643339343333393862656337616232626463393366636565306530623966316431333861
65663063653232303937666333356661623434313861313766383936373161303639346236643834
30386235353838326639653337646635386565646232383636663430333433396438303935393330
39353366663732383434313538393834333731633737326533353630323334633435323863346538
30336563616233663239356636663363656366636264646362346330616163363037613430646363
64363634653138346130343138393265633637383761346334343230326232376533663262636164
64653431636335636132323232363265636133396263643135656462313061316536393664336665
34643261646465663633306532366138663162386162623237376662643339363365333066376432
37356531656436366164383932343137366634396130663532383861636161633464323731643739
35396538396238636633323663326434356464646330646265356431326338393037646336626462
65373731306534366634313835613862656563323364353530653561363830613261363763326235
37656532353638333866376438646461316363643239366237356634623565386564333831326438
39333565383837356266366636623035613438646261623035653233666234353665333534663866
36353233373635663866666366313631373163643931313939363866396433353631333466313737
65636139376330306134323731363734393035346532386230666461376433613463386139383433
36626435343966306664636632653630373463353865396437323665646664386461356633373031
36633537393331643664376566363365343636636233303461356535646334396462663536653332
35326265373238626663643461373734366136643434343131346461623738653135333634313535
33643533313231373738373466656637303764316663626333646235663364343537616132313131
35356333616661353561633262333631383565306138343337616363353436623538613035623135
31343163643638313837373464636533623937353163336664613966353362656361643564386462
34343662373136336336
