$ANSIBLE_VAULT;1.1;AES256
33613965626333626364353433353536336136663266393634623936346432633931323532303634
3564323736643461353766343737383665326163363562620a396238376532386332303736666439
38323565333962386466386232343066633336613635303239363361343663633361316666626363
3331363136386239650a356135303732393136643434316534353164656139396133383930386538
39366330323232323963656532333437633837636438333466646131333733333033653936336236
37666538376633643530323136303461363064646265646535666165646535376238306539346262
36616163656662313838363663303764383062396436336135346339613139386638326532333935
34383738363732353665396535613866316464333639633732626265386532666233353833346266
63626464333537333065366362326138643232373731343235363035316432353330393737663461
66373332376664653536633062663136333464386139393831366139633937386337623339353064
62306164316161396162363864613439383136356437373930303236633765316430666164326137
37303765373764623062636463623839626266616233636163313035376438383461366337326466
38393033623733316465343864336634653132666331363266366163356366636133303736643832
64623234383261623533336530326264653738643862386265336166373935646362373138623438
35613538623134343763356631616239376636333138323866623439343061383237616638313164
65353261383166306663303239303564646430343733663562636533613138356461356537363464
33313633633739306337396231356332663061333364623665323163336662313633336363373436
34313434393931646239656431336531616638626437663732373733313961343434643233653361
39656337356166353737626565643338653732346461306335343236366238373561646438663662
62393866336436366666656565396539636366363937653738636135313533666362613561393231
64366162306338666235663237313331306163373930306333373731613536303732663433393930
62383061636362666539303633323865383662633665663636353661313932366163653161633731
35386333333662353736363336353834356537633638306664326131356134666633636666653435
33653338623462356464383462616636616438616430323131363235303530313662343539666234
65326365333930613231646363653234663634366332363865316130663761643266663065363634
37373536316461376433356134386131626337616337323662346362643539373337303734336138
66386534393161336366656264323362646535366134616433303863363666353961643763356563
32653463326337393936306438353734303465366334323835333466616536613166346662333738
39633639323532666432656566336139393266383866393036323632323466383333383666303761
66666165373739393061616238396438613436323536353337363766636332396132306561333664
64353065623963626466303738373131636165653130636139663363313531363035353665376632
30663131613466333037383362343165363731346466386334323032393466316466626133303236
61666436316465616331393164383337333333633635346234613237353837393461386663323536
35663863373764643639353362306661653033666638613366646134653164373334363761393464
31336465346538613138376436323162363736643534363964303763313665356264376633306163
31613566633838316366643136383663373866323138643762376137666365616561643364636363
32306562653830653063666537393533663737346639643336633466363962333963633339383163
31346533623832373063306263366639666636376239346163353335303262613336303031313964
63313964646235663934346636333866353430643861633765613533343966346631623166323337
33303865386465313532663966633333386132613565353961663362666235306238396139653962
36616131376262613461346338626533343565316565346337663038376537623031316137616538
34363564383731366562633462363339653563363361333965383262343736643961623362366535
63376563613962613265653761643933663733393866366466326665323632356666353063633133
63303735383932386561373762663131623936353435613239633762323739666262376565373136
38316163303862613737313731333363306136363834316331633664316533343833646361376532
64313765333032633731306563643732333539346230383236396431316661366464626531353565
63643062363362616263386636616538623362346430383866336166373466643666663337373632
66343564306334633663396464356331623764356635393830663334656336396264313631353430
38343163326263356264333565623731333866316163623237386461306164323531343833336132
36303539333866323139633361626137633131316639663164633561633238373936636163353436
61653633333963626262623862353431393236386665356439633530366264343566306561356632
62333139373737613836396433356239353334626630626661613431656230316365373564373731
63343139643864343130623661313830633465663139663534653833396638633639646332303763
62653864633634666438623963313537313436343932656136643466373365356663303732306565
32626335383262373733356236353334656433336335633438343862386234333065313434346236
36646334396437643662656137623462323934623136303364313733633965366261633033643963
33653763393462633230613733363366663935306365306639363031633739323162343939366364
37326431376162653135393935363664656364663332366134363630383635366235633531626462
65363766636663653437396565383637613139353939323332393535336232346165613562646432
62623331623130653131353362643834656634626262313961313837636533636537306535613563
34633737313034633238663761376463383463373365353838363138336361343634303563343635
62373531303838326633646136646664373465326139653735626439643437306438346231383462
32333831643739393965633061616463623239623930336539616231666665383839343938303861
34383137353966383664353733326139653565386135633035353034613639383163326164663063
34303035373534303735656634306234333164323163376335666263343962353263323763636462
64343263373932643163393261343233396662653966626139616136386663363933616336343236
39653934306639633034383534666561653837313932343463613030663033326633626266373635
32303739656337633638636533626562396366306637313739393161666135613139633165636631
30346465346638313962396636653131663662373761623766616636346233333639326132663034
34343465373836656532363465613235636335663931343832626636323961356431653330663162
64393065336533616330386333376238396161666536353836643039323564316134383537306164
64623532396163663238633633363337656138653962656535363064643931303734643366376665
38356132323564333133643162636439643561366261613064306134613439636666323837653130
36633161663039623436626438666230663063363633306263646436653863396663373736383265
63353932353438336337336430373437353965316430306266333030666533643333643831303862
33393531323832643231623236303763656363616332386663343032656566303732333530646638
37626664633037313337316365346633383463623431643639636165396661343235383839623731
66343538373930316165303262303064306539396534633130336134363539663866303737636339
33626535643361633035386530336264366337303266356236393635653537663237633963663930
65336239303361343133346564336232623565363938653832663630353961306634316238383433
32303362303038663363636439613031313330333236363236633962333939663439366431633138
37363739656338343466326462376333633330643663326638373062343135396638326635643938
30303962346538396434313936653630646334383339376536353434393066636663353466383762
36393166633437373131633031393137346562363735626566343831623235643932643866383430
32623861383635383661383239326333343861643864633433393065316430353034633839326239
31353437653235663234356162656231306231626532323432353032633634336338653832353331
61366237396362393937626335653937386430636239653361656262613563313437316632303836
32666638633231363433663331313163333237666635336135643234323138626139323863613139
33633462326435613935353764663934393766653835313337383766336437313564616433336165
39663531386537373066303033336565616430356434656562633730323265653862353537613434
32626362373466623634323031326539383830303632346138623635386438623461656164313630
64336161353730386563356238353035326662633330363765353034663437393530656538666263
33363032653066326663666637353730306636396265376137626262306539313563653335356136
33666263616234613734323134363132373361373337366661656335326136353562363930303864
62383133636431656664363965343864333636663561636566663730313765323964383335326364
31393061313462396430326231303933313566656164643639396337663838346632373463393231
30643439376639343331656166636131326139613631313565336238643334373933663431383164
32623635396536343666323135326263356336363237353662363831646464353761333166633338
65306630636365646434663039343330306434333434393564626234343563306532333064313861
66373839626332346637363538393363633733626634363762653835633832333362373334346436
63346631643264396534616365393838626634366538373234343333336166306634383561623366
39646262643831343330653438373234623263393135633761333039353866383636653564653839
39306132326565623261363236353134326561396533663863393366633737373362313035653834
35323365623065363535636533633934356566333538363661623265646239396666303231353332
39383238623234343139643339666532383334666435313865396638336337613836363438373232
30383531666462643166646535356362643061613334303061623762656536396364616532633461
32643933353032613034303661653062373339633532393265323233386336363730663064373433
63633161383438336261376436653535393635363566666133666231393536646333363962313532
30333966663035373438356630373762643232613939383839653265633035336430663339623830
32353935373831313136313463323539646636323332366536313666353961393232356634363539
32613361373365613135383764656365306263323037363262663063363431323536393961396333
64383766366431303032613965386265663562366130656532363763383232663537653731356530
61333363363664376661336264646434326138626238643037643963363936633562666338363635
31656262643865353332356531333339313262393964623333353338393434643337356230343732
63353362333236373566666362316562336664643530353132316539353065393766303037393164
37656135373538636461326165306539376631363363643034613366366533656238333236363362
34666239633036353262626265313065363433646232356633396365306537353761613134633063
64613637666164323836346530333363346162626334643238346537666566313130613336643138
62636239623361663438616461376563363231373239306661313236623831346330333265333462
36663864343831613937373964623733656464653030353732623861626634363265646335353461
65363933666633303064383737326438666635623365613230356564376461336164626366373862
30623262656636646134646462343333646236323932623436386235303362633036393036353663
37363866626664303536663033393462313439373239366630336365623336393232343266383462
37613736326130306364386637616133353735306461663334646132613064656438663966323034
38623734616535653230313637313835346433353738636232303533616161623362383862666165
34326332353533343939316365663665323236303538613439396230373236626638346137653932
65343538386539653232313532653531383131616162353765323638383831373832323265353039
36646331323937616230333937303064643234613030623538303962313937333963383565616430
64376432386366623836373731383232623337616431616438383539366565636339356165363335
61373863373964653232306261356336616335383239643163316235343063353866356238616165
66613530343761666638346239303966336666383931373664613232333037353630333539353662
38353138393239356330663030613135666561303336373164663966313230633363343438326366
31633136613733396330316233323233353965623933306137636135323138396165646665666438
6466656431633265366463306338393162663332623838353234
