$ANSIBLE_VAULT;1.1;AES256
65616163313530656265393039663861346334626266653237313561306535396338643462336439
3139643432633931323436653733343633323636316232350a663761343834363464316431326630
61663233393465376433366538313935643566363736386432366565353664313439393363346137
6639616564393065390a623462666132383232313034663438326632323666313261663466326363
61336638366665656130666631383262633564653866346331326166383833363934303939353732
31633739303961326336363161356639366233646339363035313435316562306166623161383639
66636137316432613735643435613233323662666632343437333035613338303637363436313963
38336333613330653433336566373737386437396661303131616137623066633261343465356135
35313436396334633932353939336131656363313037376130613164346331626165663666333962
61373133633862306561326233373863386430356261666137663331653331653062373338666134
65313963663961333766356236353538666538383363616630663238363831396438663235306331
31313039646137306364396363313833306339343030373262346666376561326234623234613235
66616665613636653936333066633530326435643139396638333833323239633735643863653432
33666262353238643636356438613961363738336435666631346634616563383537326237613165
36386139396162663164623165323038633966353032326535363636376131363637366236316438
34613635663464636533613139366431333364303730643030353430303031653732373133653637
36633333633764356465643934623733626137656535383663333338643339623066616431326538
31626236373262333564366463336561383431373839353233353764333338366434643238373330
62653466353236626636323961663637333132613831623164613935313636393638363464316438
61396266326636356261323532303863313736336235366630343666353766633766326361376165
65336631623738313866343563353861636339333934613937333938646363353061653162626665
65396231643034636637623132653563373966393064643735336330396134613434323135333963
37383832303766663461373432373139643930633330376239643663613565616335636632323630
37646261623861353561643963636235633535656633346531383930343166616533356637646231
39346366336432306264316136336537633562616435613332663965396532316262616138393033
39386139313634373062323632633163626238306435623131353165356532623735613535376230
38363963323162306263626364326332623661663137303561643636653732653261346361313639
39643861376538343862346366346165373831646534343864343935336136326365346439636439
32383737316366643231383666366566303231313937383265323163346561386438643664393237
64303039633665656134646139393163653262306565643031326565663934303134343338633030
64643563613039366536643737373266303264333939666465373438366535366166623935623838
32653237656463363637346365313836343964353265313166323439613336663262363339363336
39653865313435663562336239333964366133663235393563313066646335313337653931356663
31376534373838353264363765383630663330646266356337626536616665663566333361376639
63646365666530383363363838636238636261303366363461613535383437383666643763646535
37383736623638653436346365613732333031376434306363333466656432346462663237626133
31323865613039343462306532373262356262343765313730336439343331323637376662393462
34613333653437663535306332333064633331373232383637313934366339633636316366366532
35633233633463373965656363393635653666356338663066663930346530323736623333386164
61386561373132393765343961316431663738613263336661646431653730646563626538643766
63343465376130646264666337656463356630353765383864643632336331346661333437313433
31376334623233326235343361313063636636616230643631623864353038653865333065663630
36633033643061333165303339336363653036656465623165616161343631623436633239343764
39393864323931623464313339303732376565623033646131376238663736623166323730386365
66643562616430626263303432366133326566386132323537653533303863336635643333646362
35393466643865646631326663363236656133356137366335636162636433356531663533303037
38306565386639373530646633396430623666613030356630613539366631313336336138643235
33326131343665623732313565333834366261333730346461386430646661313162326666633134
63656163623761663062393063363638393066346435643864303738653435313162323438363665
66393964333034393561623339633365383930313566626131656266326263393133363634333235
30666666653366643035323938366532646630326432613838343835393864323138396639333161
37316239306161323430313831636563633130653565366536313763613439303466353235643731
66363038353537313635396331383539303337633566306562336632333734306238646139303731
34353964306135396132653338633836343664356531393435326263373361643537313463343963
37616662643036633638353138343932306537356530333633356463653363356238663830613639
33373261303061313731343531656434623463663238343030303130306232633135623235356330
35346137343134633732653066303237353765326432353133623032653732356639636430396561
63303966383364663931636433363138643132323530336630666162666437373138373062303061
37653165636462353463396663343832366232313534653663356363303537316665316262666338
66643736323464633831653864316236386266386334336533313933303464303231623430396237
31303131663965636661306434653232613762643837313365363337323766316235363237646637
32313961336265653136663430303866313566386535366337653438616435303630363163363132
66613562333862323165346337363635626161373833386265303334313363333761633832383366
33363736323639633531653433313662323866616430346430376432663936386339616364356438
62646431356264393863363532663033636330336631653630383434303738343434646238633530
64316538376332386264313062626664356631666563626533313739303738313863353735653036
33323639663632306361343934356464633437386331323766383536346434643035636234643338
39356162366364663336396462643738643032373834316236636563626239653530636238646362
38616133643932633430653535323365303739363963633038616138633139323239393830346561
66633233363739333166333262653563663634346138326235666135363937343638343662366130
66656138616530303534376438633333366539303731386561623833653762366236623131346166
64383938396530343761303263326533393230653730353631343133353435373261353339616632
62356265323766386166316334623762363934336435343461633135383063333634646134626565
62303633663730373064393961343133383138373731323865326535363334306333346634653662
61393866623237646264663732326661646233383965383435316136626366336262393730383938
64666339626562316633646461663636613031373434356566666663383731623265633035636164
36653465636462666330386230313139663838396433353363393363633332323736396666333462
61616366306133373862653661386633653536333033313631373434303131633339333765663962
31653439613133613361363136353135323439383834383762373939346364393065653231313539
63313762613164303665663130333337383034383633376235346365333166316339663234343635
66306666353136353136623939393335376265353464613032613862643966393234326261663265
63363739313665346662663530326263653762623633663230303365633565353364653938626661
37616430623834636161616336376666616538343765653764396663353530353236623236326464
30663131363266666637323730313230623065623832666630316661626264303739663865653139
61386335336435626165646365333134353964373036626365663366623563323064363531313139
61623536303865653537386334616336323562323936343039366537356561343535363531303566
38346563636532613634613333316632643835313432633730653935373736356563623032303335
63313037353863633734323934343039313862666463303733333462383536636438616332376635
36663063656664363135363039613766313766363231613134303539316130333263366335303032
61303130336362633439303165343433336437373137376366383434653139663863343061656438
61333138306566383162663131343530393432303164653162303439656537343562326639313630
30343863376538316164313331356639346233323636636264313732363533666333633434663736
63643030626262303566393664623233383732623138316163633361623130643437316331646339
37326639616536363463303663383534393664623666633737623537343163656130323238316462
38633731363632653336343430393830333062376336663836633533383165343932613764353666
61396564656664343162643035653732343434643464613939643231326233366162396136323534
37356438313130336664343765363133663531626263343330363639663736303438393266303730
37376635373437326363343762346333613364613262633163386438663739616138386436623834
35346537626430393439653939323362393730653834323133316131623165393232313431313865
66316433316166656265373336623430646263326430343165336237326335383136363761336633
65323336613333613030313836653034356532643731353564343035633733353939666636373833
61303333323164613833313636336435636438613130303236333936366634336361316661333330
37346538353135386239663164323533363039333137633265313362643431393764383130366163
35646438323538326139393863343139663261336565316335383761646564616262343633643538
64373963306533353963353365333833666131613637326235386131653332383531303932303534
66373334623230626363373737656563623763376236666334663264613832376134393362376538
36373932353864323434386437346537356537376133336166643464656233366630636164353163
64633737643465653634643339306634353064346639623361393064643663383036643862613431
32326466393363333436623363353833396333353732313035313736396638626538373162326366
66383630646566623839306136353233383631343039623630396464303233383535633062333561
33313362633238613737343365646334366239643363646533393934396462623231323733356336
38363638623463613131626131363766626665346162373938356233383066393562646633306137
64393363333435326166346633323263636463376566646432663164616531646236633961663934
63623235333734616532643730393664373461386134373363346637616433666161373766306630
35356430373134323132306630643837643864343866323235343839373934666463326233393631
32613036313938373861343231636634623565626637376434333966346466353732353462646332
30663333636165303037396530653364306131356237663032653835323565353135333562626336
65306639383666613263396636333033333135323936366537376239623030333239313365643333
62386365356136386463376138343538346464663230346636633139316231643862623236363837
39653536633862373936613733363365653462353830343239326135336565303061353438356463
35373533336230633333343236383138346463363661323839333830316364656662663464663664
35323965663439336336653131326162653739626334303331653263623637303232346136303263
32653331333738363630663661326432353533343038343961363234313261643561653266323666
36663531643633383436366539363139393161316231613738363763363033313138656362393361
34303736343966633431383738653237353435363362393135353366393534383530326335646133
32646439353432366130623834353738633464313031313964626661656165643163616164373737
65633461393566623031376534303462636262336365636565353865333066323663636135353734
34663934386639383664623839333833383862333739363363616535373036636365353338643665
31316233396365613763313562346130376135643336643835356263633530393434633535643035
31336666323436306334306336616361643861346331346437373733616665313962356363376165
31313666303530363563346535616239376630663531313462653866333462653636383931326366
32346433306338383635373639316531346136356263373937643536383237333437666234373062
65643530303966643366313566646666333937323232346530616436643230366264316661306631
3330623563623831666566653762386364613638353361353565
