$ANSIBLE_VAULT;1.1;AES256
32643964366338326664633234373638636534333533653066326665343466353137323434313334
6630646230326661323765313531643536623566306633380a333965313766656164653039346633
65386266373336656663633533623437313761313931643364373261366661626436623539393765
3330613064633135380a353264316535333739356362623563643632663633313338623431326134
33366237323239653562663563656137313631626364353862613538353532646533643733323434
31303766363532663433626138373761396434346664393033333435366266346163313766373163
34323462333839643066303331366630636464313436643366393936626439613066363130393665
32316662353234333835366430613364376238346266326366633432626264363833633338333934
39303366363231343537356336633730323139316438363262663234383762646438316264663037
36313334393565396361663133353566386635323032353761366664646333613134366135656238
31323739383362393266643361393737653835396566373864653233653733376531316466306431
34366232363162626363393231316430376631316235616238656564376539393963323862363730
64663633333337393839353864653838663436386437656366306663636663616261383034653261
61633938373064303461633366366437363639356364303031623664393131303232396633396433
36393032613033313861396338626337663865396137353439633138323962393737366431343738
32366136616563643537383661333239323965313339663935613032306263363037643433373337
65666466616237623332306634313538326565396462636633303535633161363561633166386662
36393730346637383266306466363131313034636137636630343330666134376161656365616332
32306662343435313032393633643663346431393666643932376231323739663632643132313266
33383433343664656365636439303666653961653236666164303336613933343332323031326336
37303431353832646537313865613136613437323339636136303732663430336566643837396164
37656461356238363161313437353561326161396537363761313330333734363430303337613938
34343961656464383935646133363932623333633933666561366664363164636631303566626264
65393538393164366431626334613239613039363339653234353762343564643031396466653839
30313230373037323265613835666663343037313436353464313064396366343465666261393231
31393632616436636263373261373635313030386362343362323437633530396235343862613764
36386136333330626431303432636638303435373635316337313638633730663962393263393633
62663732633236353766363239646137666366383462373939626462383537636131313638316234
36343063323431343166363238636432306238643538393438303837386661396534316638393064
65663562316134336565343538636464336436356533393835303438393963393166653536326232
31346666613863366638656661376332323165633534346266656663633965663961326631346430
30653037333731623634363065363763656430636334656236623832373365363963326230363330
37373635663164643663346437633564353939383361373032616539353330333164356262643634
66306531396533373635316361643131313066613336613531303130323839623462386532613030
32303234643764313262316530326464343962306162326364303433323936643039393738373966
39306236663133383165643836656239323566623638646537386666393830653430336336656632
33643236633663393539386361646234343734346339326565646564626166333638346565323530
35376437633236333263623062306263386536346332643634663163626561373030303463643134
37646166333365653635613864656232616637646166393264653436353832323562633434376366
37356432343766336437663330663031636264623933613035396164663538373762326239323836
38343339386264613438383737613265376261306633346563623139616265626562353430333362
38363634333062626465643762313065663935393136373364633164306330666666316439366261
64643135386563373166633166303138663038326432313034363137643231336137343966356336
39613634666332616465653965636665396634646363316561383264373832623037643434326433
61663461656537653235313234393839616230656431623331613238316131626661316564313138
66396631306364393265613537653030633662653938326561393531643135336434663864333535
65383530636637383337313036663735373833386337633764316532343031326161386433326336
33663933343634633938323864336531353531616338303632623036313735636164356237336564
37393137633666633536666665363036616166396439633564396530373162303865366433663763
62626533663163353866333832313937356630663064636339613066636561613237643532326634
33653834643662646532623165306236613233623732353730643230366639366135303262353735
33353531316535306166323561323138623332313839363064363465373431653134353133386565
63616337653963353466653462663364356461376538316531306638383761313434373739666662
32393362613637383035313336376138326665393331336662346562343235353034613263653332
64316339663737636633333936383135633530343566373765663135326631633862333732373333
38633434333336326264623334316536666661663839383834363062313334373030313331346538
64626465616461373830353566363966343931306637613166323465313432356139393365333739
30306164613732616231353032323131333332356165353134636639633434353335383764313038
32626333326463373566336439303066366366346637353238663465363363393466663335313838
32663536396262333538343566386163626462393164623630653465633234343561383037623137
65333636343135353362386563323464363035396465663938383735623332313566343037633364
37323966613835396532663461623839613161343439393531383839313534663063393738343664
63373763333537663830386139333736666661316263353964303663663862386362353564343735
66326663363938323530666232613563396133373961643939356538653264303366623162383362
31633230323461383564383862396637623465313831393163393165353930386137353932656435
37363064653631343835356634383039616438343466626239396432666338366330636462363466
62366466653561386461393333343466633037633638383139303861373861636334336633666139
30306539616330376166656136316364336538323865643066343463653538373862333635383630
35653861343334303639653930343230666433653662363438643137366333646531306136326337
66636561383563656332393765366339666662666362383638653664616537393730336330303431
36343661393735613239326332653661643030303966646239326439333366356261653830333439
35363763303565653836363235306436623239393932666633623839356266333334333835643635
34656533623333323236343362386433353430313531383534663564333066306136343564643263
62353066386138346334356634383362623362336631386266633866343030366335363566333239
32626131346562303638356330666261643036613734336630613835366335333130303730326161
39383162326537323061353232383138386630643136323332653232316134356361646563343765
39376363616330396436653232663031613463383066613338383534356432653937656366646636
63373063323230326531343365313661633837333038663438616534333532616562366562343862
38336563323962366465393334383964386163323234633838316139656264643766633765383232
35633861393435323265363238373235323037653161383334643163326637633431623134323965
31376131653633343963333832383866623961383232373034393336313562363739313133623433
33353139616236616534393562333864643665646339626636626431383264306431626131373336
64623735396561643564656237336136363738636562303661646230643437323836613463623030
36626139356239366163653261313739363435373832353132633731666537306130626531616330
61373363613236646330353735363330316664326365386561326333363134626535346265646434
61343838643135633839633838306463323465383463353463303136653037653239313862653035
33653962623633353665303830363936643539383233633837373138333034623863343763373266
39633261353335653664
