$ANSIBLE_VAULT;1.1;AES256
35343031656438653031323364343366373166663231373861323131633138643261633963383365
3335303735343633303265383636656461396439666663320a393532363635373432373032356637
65656466663633316464333862306532643033643133663232376166636466613038633430623634
3864653337353062640a393266346137333630343135323731323637356663373938336332303738
36653261633931386635386461353932356337616531656136303935386131356132373733353030
61313436323361336661623261316533643136613831323063343461366634356562653831623339
38623739613932663963386534383633376663663830383365323531326165323734303831633265
37636337313239636437663836366266383032353861663666313834366231376666306235613566
34393831656135366532646361333865363135356532626365313566646164663763313139386330
32303135653535306637383239646138376333343832333666313935343162353233616530393036
66636434333839343266353563626533646133336636303562313863373566383237653538616438
39613861626136356431336231396166626666616138666430643662333937383032363933633634
31613366613332643063396634323437633731346361616166343932653231666362373863393734
61346134346239316131396563366262633865613265316266613431326165393763643631343238
39383435393161396336373561336663396566316131613361356665653464623233643338303233
31653734666364656439666364653931363732636232633962653239646133633666346134663366
30663934663636323736333135366335366630323536303833303934636163323261346631643336
33343761653238623134323261383665333535636465366166613334633263326430346262666135
31643761666630626634306662653365373863353236653162623137343735666163646535663562
39343461383231326237343339316637643632373932323938643830376564396332306536326263
61663837386638616631356435646338326233653739353837333562383834356435346139636461
38636133383631306463393762383362363538613432386662376663343531303233383639633539
35623462313636613938373465636537353466653339633361643537303362626264356364333763
31383037633964383865393065346462623262653766343239613835353661396137323566663433
35303835666662646534323139303936643233333566333862653061663466666364366338626335
31613834336563663963633666386462643530663130656633333839316135613930356436663737
61393462326265303439636534663335363462643433393136356638366638656439663032393730
62646331613338343032623235656336346636636139396137663862303431666639623531333630
37613165353866663134323433313032346163323566643238626338326466636666623939653136
62616362303039316561316434353033376664346264396466636164306433633839633761396234
32316466373663376462313862316434343437616234623832663161643237383932623233636336
34313034313132393536346364616362366230303433616164366531666436373961643032653036
34653262323061313736393734313962323161376432386662383261383535383738623066326364
30383535663562656566373062353938653563386364613535353037333235373361373438303364
62303066616266663433356339646365623663616133383535363931333439616336353037386462
61376433353365323338616233333763313835336436356534383539643665306439336238303637
38646635323139333565626337326164616266643231343833386362383161396566383032636163
32613665613034323632623330313362383336393339303933663861626162383966653232383231
30653439643261613532623662613332663635646138313366623163626431383337386461366564
61343533333664323336663330333834623832306364313066666236643937623239306461633039
65363534656261366363363337653037636636306364643562663138383536353937366264336137
37356264353363326637386533633139353132366635633439323732313663646566373732626264
64323532626135663837653931386638633831376639373238323936646264336439353464666536
31373433393261396533343462656561316664393338316664303865346331386432343062376165
33303535313061343866663234303631356334643662636435626230343732366130633561623938
30303965613339373438623834333730336535643966613036613238343033613166616237653831
66316138343464393132363463623463336666346263393664653065363561343764363764633931
33653034656531333637343538346561313863323161356266623831313331353465633361323532
62633732393136303832646632336239323834336166383637643230343564373030643264303936
61613936333537643565393433333436343434666533316132383731343531663336316361333736
63633337393935323363396638323530373662626134326439666238626431313839386264313636
37386531323131393361383935346462643566323634393933613065626634656363376138656166
30623135326531656534313232366138323937643735623064333232326464646166623736646530
61323561653166376435373537343631383061336134656563343637386632396330613564343933
35643862376430303566636531633138626361663863333232636262663464353862646431353264
35666366353831613762346264313332323863613166316439323963616532326666323234636365
66343939636536396164393662326563326539626161623466363734323763333063356534656438
39343137383265366135646136646138393162623162623535616234626535316132636463383063
38616433326639643331346336336339303031343166633430323362656638653963616362643663
39646133383664653364656234343431656566363162353663376335653065373430333464653633
34353533613865643763326637386131303739363335633339303639373334636661623139376632
61316261646461306639336138393964326164383539366430623133653662313639613331386131
32396363646466313762626265656139376561343265313736663737316462383565396361373635
35343461306239343666353930343336333534363063343166353665356131303339633363333064
63643866616135353565336363383339346565613735646130383831336430666434643261383339
65306364333665313661633939666136373933313435653234613536383165333336373938613533
62313735623062303261313961356434633732623233373235613335363564356533656663326334
38326663306437376366343436323430393330366566633562303435386261656638623464366263
34333937633337623537323536623332633136323931383934396166373533616232356263633861
63316365643262313631633164313564383834613865643466633733326136386538353165383031
36643339366338653935323364373231343836363266373739376430393337316330373934303031
36316231663963373334646239366265376564396538326330393732383435376434373232653463
63346634303033333334303565636535613962373931656635626666393730633064353130343365
64346138323665393034356535386238396638626538353530396662393334636466643162333434
35356534613632303937386433376361353265353334646439326463316535333835643138313032
36613730636337393763653435323837316561393036666563353832646331666564643430326436
38396333646434393863663261363038626235386132306433623934663433343662323763323664
34323764396134316536363262633732366337356635346230353732373432353562666639313431
61623033653133646639663530363837653463313464326434383535323963343336636664626364
65363931326366316364343837656234376533633037633838393063376138663935393139373633
38643866303165613665373639356435653631646631656665653465343764663030623162633732
64643863663435396639393566613230386432303637376336333865336439333966666261313064
39336230373762646532363431363439336636323662336539373632363633633366626530396536
33373234306231343838363334636530376365383533376438313336346262616566653736613832
64393161656332396633633161666537353063303735653036353234616232616434653333306565
65626635323464393063396237373534663863366333383661353331353430396335363830623835
36646436656565656666663663646163396236346362386564303039623466663830303864656539
37363366653339323734
